10	1	11	198	13899.09	0	0	11
9	1	9	1104	10563.74	8	1	2
14	1	15	150	5128.92	15	0	0
4	1	5	30	3944.23	2	0	3
21	1	22	138	3541.43	15	0	7
1	1	2	108	3303.0	2	0	0
9	1	7	264	3080.75	8	3	2
2	1	3	18	2876.6	2	0	1
13	1	13	84	2472.43	13	1	1
1	1	2	54	2348.75	2	0	0
0	1	1	78	2308.52	1	0	0
5	1	4	132	2195.9	5	2	1
0	1	1	60	1891.6	0	0	1
1	1	2	24	1829.52	1	0	1
2	1	3	18	1646.62	0	0	3
2	1	3	36	1625.2	3	0	0
2	1	3	48	1600.31	3	0	0
8	1	6	54	1448.65	6	3	3
1	1	2	12	1375.03	0	0	2
1	1	2	12	1324.32	0	0	2
6	1	7	42	1196.91	7	0	0
2	1	1	36	1020.31	2	2	1
3	1	4	24	984.45	4	0	0
3	1	2	48	947.08	4	2	0
0	1	1	12	933.84	0	0	1
2	1	3	18	883.83	3	0	0
0	1	1	6	873.88	1	0	0
1	1	2	12	845.31	2	0	0
0	1	1	6	767.97	0	0	1
0	1	1	6	746.71	1	0	0
1	1	2	12	712.73	1	0	1
6	1	3	42	707.53	7	4	0
3	1	1	24	689.72	4	3	0
0	1	1	6	687.58	0	0	1
2	1	1	90	671.16	3	2	0
1	1	2	12	665.42	2	0	0
0	1	1	6	657.04	0	0	1
2	1	3	60	616.31	3	0	0
1	1	2	36	558.5	2	0	0
0	1	1	6	550.07	0	0	1
0	1	1	6	548.31	1	0	0
0	1	1	6	546.57	0	0	1
3	1	1	42	493.44	4	3	0
0	1	1	6	486.29	0	0	1
0	1	1	6	484.51	0	0	1
0	1	1	6	475.44	0	0	1
0	1	1	6	474.15	0	0	1
0	1	1	6	471.57	0	0	1
0	1	1	6	470.38	0	0	1
1	1	2	12	457.72	1	0	1
